      MDL_CABI = 2.277360D-01
      MDL_REXLUT = 1.000000D-02
      MDL_IMXLUT = 0.000000D+00
      MDL_REXRUT = 1.000000D-02
      MDL_IMXRUT = 0.000000D+00
      MDL_REXLCT = 1.000000D-02
      MDL_IMXLCT = 0.000000D+00
      MDL_REXRCT = 1.000000D-02
      MDL_IMXRCT = 0.000000D+00
      MDL_REKLUT = 1.000000D-02
      MDL_IMKLUT = 0.000000D+00
      MDL_REKRUT = 1.000000D-02
      MDL_IMKRUT = 0.000000D+00
      MDL_REKLCT = 1.000000D-02
      MDL_IMKLCT = 0.000000D+00
      MDL_REKRCT = 1.000000D-02
      MDL_IMKRCT = 0.000000D+00
      MDL_REZETALUT = 1.000000D-02
      MDL_IMZETALUT = 0.000000D+00
      MDL_REZETARUT = 1.000000D-02
      MDL_IMZETARUT = 0.000000D+00
      MDL_REZETALCT = 1.000000D-02
      MDL_IMZETALCT = 0.000000D+00
      MDL_REZETARCT = 1.000000D-02
      MDL_IMZETARCT = 0.000000D+00
      MDL_REETALUT = 1.000000D-02
      MDL_IMETALUT = 0.000000D+00
      MDL_REETARUT = 1.000000D-02
      MDL_IMETARUT = 0.000000D+00
      MDL_REETALCT = 1.000000D-02
      MDL_IMETALCT = 0.000000D+00
      MDL_REETARCT = 1.000000D-02
      MDL_IMETARCT = 0.000000D+00
      MDL_RELAMBDALUT = 1.000000D-02
      MDL_IMLAMBDALUT = 0.000000D+00
      MDL_RELAMBDARUT = 1.000000D-02
      MDL_IMLAMBDARUT = 0.000000D+00
      MDL_RELAMBDALCT = 1.000000D-02
      MDL_IMLAMBDALCT = 0.000000D+00
      MDL_RELAMBDARCT = 1.000000D-02
      MDL_IMLAMBDARCT = 0.000000D+00
      AEWM1 = 1.279000D+02
      MDL_GF = 1.166370D-05
      AS = 1.300000D-01
      MDL_YMDO = 5.040000D-03
      MDL_YMUP = 2.550000D-03
      MDL_YMS = 1.010000D-01
      MDL_YMC = 1.270000D+00
      MDL_YMB = 4.700000D+00
      MDL_YMT = 1.720000D+02
      MDL_YME = 5.110000D-04
      MDL_YMM = 1.056600D-01
      MDL_YMTAU = 1.777000D+00
      MDL_MZ = 9.118760D+01
      MDL_ME = 5.110000D-04
      MDL_MMU = 1.056600D-01
      MDL_MTA = 1.777000D+00
      MDL_MU = 2.550000D-03
      MDL_MC = 1.270000D+00
      MDL_MT = 1.720000D+02
      MDL_MD = 5.040000D-03
      MDL_MS = 1.010000D-01
      MDL_MB = 4.700000D+00
      MDL_MH = 1.250000D+02
      MDL_WZ = 2.495200D+00
      MDL_WW = 2.085000D+00
      MDL_WT = 1.508336D+00
      MDL_WH = 4.070000D-03
